% latex table generated in R 3.6.1 by xtable 1.8-4 package
% Tue Mar 31 13:55:21 2020
\begin{tabular}{cccccccccccccccc}
   \rothead{} & \rothead{$V^{\mathtt{msr}}_{\mathtt{triv}}$} & \rothead{$V^{\mathtt{msr}}_{\mathtt{total}}$} & \rothead{$V^{\mathtt{msr}}_{\mathtt{circWba}}$} & \rothead{$V^{\mathtt{msr}}_{\mathtt{circMcaLifo}}$} & \rothead{$V^{\mathtt{msr}}_{\mathtt{circMcaFifo}}$} & \rothead{$V^{\mathtt{app}}_{\mathtt{cdd}}$} & \rothead{$V^{\mathtt{app}}_{\mathtt{turn}}$} & \rothead{$V^{\mathtt{app}}_{\mathtt{triv}}$} & \rothead{$M_{\mathtt{total}}$} & \rothead{$M_{\mathtt{circMcaLifo}}$} & \rothead{$M_{\mathtt{circMcaFifo}}$} & \rothead{$M_{\mathtt{circWba}}$} & \rothead{$\mathtt{Vol.(inflated)}$} & \rothead{$\mathtt{Vol.(deflated)}$} & \rothead{$P^{\mathtt{USD}/\mathtt{BTC}}$}\\ \hline
$V^{\mathtt{msr}}_{\mathtt{triv}}$ & 1 & 0.86 & 0.73 & 0.72 & 0.72 & 0.19 & 0.54 & 1 & 0.15 & 0.52 & 0.52 & 0.52 & 0.99 & 0.85 & -0.07 \\ 
  $V^{\mathtt{msr}}_{\mathtt{total}}$ & 0.86 & 1 & 0.84 & 0.83 & 0.83 & 0.22 & 0.44 & 0.86 & 0.18 & 0.62 & 0.62 & 0.61 & 0.87 & 0.99 & -0.05 \\ 
  $V^{\mathtt{msr}}_{\mathtt{circWba}}$ & 0.73 & 0.84 & 1 & 0.99 & 0.99 & 0.02 & 0.55 & 0.73 & 0.18 & 0.2 & 0.2 & 0.18 & 0.74 & 0.84 & -0.07 \\ 
  $V^{\mathtt{msr}}_{\mathtt{circMcaLifo}}$ & 0.72 & 0.83 & 0.99 & 1 & 1 & 0.03 & 0.53 & 0.72 & 0.24 & 0.19 & 0.19 & 0.2 & 0.74 & 0.84 & 0.01 \\ 
  $V^{\mathtt{msr}}_{\mathtt{circMcaFifo}}$ & 0.72 & 0.83 & 0.99 & 1 & 1 & 0.03 & 0.54 & 0.72 & 0.24 & 0.19 & 0.19 & 0.2 & 0.74 & 0.84 & 0.01 \\ 
  $V^{\mathtt{app}}_{\mathtt{cdd}}$ & 0.19 & 0.22 & 0.02 & 0.03 & 0.03 & 1 & -0.3 & 0.19 & 0.17 & 0.43 & 0.43 & 0.44 & 0.21 & 0.24 & 0.17 \\ 
  $V^{\mathtt{app}}_{\mathtt{turn}}$ & 0.54 & 0.44 & 0.55 & 0.53 & 0.54 & -0.3 & 1 & 0.54 & 0 & 0.04 & 0.04 & 0.02 & 0.52 & 0.41 & -0.24 \\ 
  $V^{\mathtt{app}}_{\mathtt{triv}}$ & 1 & 0.86 & 0.73 & 0.72 & 0.72 & 0.19 & 0.54 & 1 & 0.15 & 0.52 & 0.52 & 0.52 & 0.99 & 0.85 & -0.07 \\ 
  $M_{\mathtt{total}}$ & 0.15 & 0.18 & 0.18 & 0.24 & 0.24 & 0.17 & 0 & 0.15 & 1 & 0.3 & 0.3 & 0.38 & 0.24 & 0.29 & 0.64 \\ 
  $M_{\mathtt{circMcaLifo}}$ & 0.52 & 0.62 & 0.2 & 0.19 & 0.19 & 0.43 & 0.04 & 0.52 & 0.3 & 1 & 1 & 0.99 & 0.54 & 0.64 & 0.09 \\ 
  $M_{\mathtt{circMcaFifo}}$ & 0.52 & 0.62 & 0.2 & 0.19 & 0.19 & 0.43 & 0.04 & 0.52 & 0.3 & 1 & 1 & 0.99 & 0.54 & 0.64 & 0.09 \\ 
  $M_{\mathtt{circWba}}$ & 0.52 & 0.61 & 0.18 & 0.2 & 0.2 & 0.44 & 0.02 & 0.52 & 0.38 & 0.99 & 0.99 & 1 & 0.54 & 0.63 & 0.18 \\ 
  $\mathtt{Vol.(inflated)}$ & 0.99 & 0.87 & 0.74 & 0.74 & 0.74 & 0.21 & 0.52 & 0.99 & 0.24 & 0.54 & 0.54 & 0.54 & 1 & 0.87 & 0 \\ 
  $\mathtt{Vol.(deflated)}$ & 0.85 & 0.99 & 0.84 & 0.84 & 0.84 & 0.24 & 0.41 & 0.85 & 0.29 & 0.64 & 0.64 & 0.63 & 0.87 & 1 & 0.03 \\ 
  $P^{\mathtt{USD}/\mathtt{BTC}}$ & -0.07 & -0.05 & -0.07 & 0.01 & 0.01 & 0.17 & -0.24 & -0.07 & 0.64 & 0.09 & 0.09 & 0.18 & 0 & 0.03 & 1 \\ 
  \end{tabular}
